ID,Tên,Email,Điện thoại,Địa chỉ
1,Nguyen Van A,anv@gmail.com,098889999,Cau Giay - Ha Noi - Viet Nam
2,ひな祭り,anv@gmail.com,098889999,Cau Giay - Ha Noi - Viet Nam
3,白　いね　　こ,anv@gmail.com,098889999,Cau Giay - Ha Noi - Viet Nam
4,苦手 A,anv@gmail.com,098889999,Cau Giay Cau Giay - Ha Noi - Viet Nam
5,A,anv@gmail.com,098889999,Cau Giay - Ha Noi - Viet Nam